000000000000000000000000000000
000000000000000000000000000000
000200000000000000000000000000
000000001000010000100000000000
000000000000000000000000000000
000000001000010000100010100000
000000001000010000100010100000
000000000000000000000000000000
000000000000000000000000000000
000000000000000000000000000000
000000000000000000000000000000
001000101111010010111001000000
001101101001010010100101000000
001010000000000000000000000000
000000000000000000000000000000
010000000000000000000000000000
010000000000000000000000000000
000000000000000000000000000000
000000000000000000000000000001
000000000000000000000000100000
000000000000003000000001000000
000000000000000000000000000000
000000000000000000000000000000
010000101001000001001010110100
000000000000000000000000000000
001011010100001001001010100100
000000000000000000000000000100
000000000000000000000000000001
000000000000000000000000000001
000000000000000000000000000000